47044
32239
65091
1200
60141
32234
3724
7109
52867
34405
53129
50147
55292
5988
5989
26578
34530
53000
5982
5983
5980
5981
5986
5987
5984
5985
48899
2918
7625
44815
46559
4930
6487
4643
43871
4932
4933
2919
4934
7624
6342
4935
4732
4733
6794
4731
4736
4737
2318
2319
2316
2317
2314
2315
2312
2313
2310
2311
5854
5855
5856
5857
5851
5852
5853
5858
5859
3773
3772
3771
3770
3777
3776
3775
3774
6293
3779
6292
270
271
272
273
274
275
276
277
278
279
32019
42718
4659
4658
41831
8898
55116
61071
38294
32395
61950
7889
7888
7034
53121
7621
26371
26393
7881
7880
7883
7882
7885
7884
7887
7886
41136
52644
39886
57476
53737
55290
62511
7035
6055
7620
6054
102
103
100
101
106
107
104
105
6056
6051
26479
52245
7036
6050
64906
6349
6053
64900
45447
4645
45442
26577
45440
45666
45664
55241
45662
48567
60758
7789
7037
45668
58078
5111
25764
46865
5110
1001
3519
3518
7269
3513
3512
3511
3510
7261
3516
3515
3514
6204
6205
6206
6207
2688
2689
6202
6203
2685
2686
2687
6208
2681
2682
2683
41699
3999
6808
6809
6806
5119
6804
3998
6802
6803
6800
5118
99
98
6010
90
93
92
95
94
97
96
47952
3993
56782
3992
7144
7175
8839
8838
50253
8835
8834
8837
8836
8831
7146
8833
8832
7147
6762
7141
7174
41564
6012
7142
31973
7143
7041
26803
8883
34338
26663
6761
27573
32300
7177
40966
40964
32151
1759
1757
1756
1755
1754
1753
1752
1750
1177
1176
1175
1174
1173
1172
1171
1170
40851
7176
1179
1178
1007
32156
1006
1005
27611
1285
1284
1287
1004
1281
1280
1283
1282
1003
1289
1288
1002
7188
3430
8767
8766
8761
688
8763
3431
685
1572
687
1000
681
680
683
682
1227
3433
42728
27830
3434
1240
1225
3435
1224
59594
3436
8019
6760
8017
1223
8015
8014
8013
8012
8011
1222
7456
2741
7454
7455
7452
1221
5629
4593
5627
5626
5625
1220
5623
2743
5621
5620
8493
8492
8491
2034
8496
8495
8494
34158
2745
8499
44978
2744
6796
31547
7172
2747
6018
65088
32062
2746
5995
4844
5997
5996
5991
5990
5993
2748
37844
6792
31011
5999
4846
6793
8291
4847
4734
8290
26566
26567
26564
4735
26562
8293
26561
8292
4842
62137
8295
2038
4738
8294
4739
6530
3093
43869
6531
63793
33629
393
392
391
390
397
396
395
394
7180
398
27397
6781
2308
6783
6782
4729
4728
6787
6786
2301
2300
2303
2302
2305
2304
2307
2306
5847
5846
5845
5844
5843
5842
5841
5840
6539
5849
5848
33558
3748
3749
3746
3747
3744
3745
3742
3743
3740
3741
245
244
247
246
241
240
243
242
4628
4629
51857
249
248
32002
61941
58301
7047
31494
5200
57669
26485
43684
34193
7173
26386
53519
26487
62265
7490
26388
7046
7491
57951
57401
5206
34048
6137
4673
36517
179
178
177
176
175
174
173
172
171
170
3698
3699
8603
49314
45501
3690
3691
3692
3693
3694
3695
3696
3697
46653
64930
26038
2968
4856
7040
49282
44788
27370
45658
31934
64283
3526
3527
3524
3525
3522
3523
3520
3521
49312
52005
7043
45412
3528
3529
7218
4655
4654
7210
7211
7212
7213
7214
4657
7216
7217
6217
6216
6215
4656
6213
6212
2699
6210
2697
2696
2695
2694
2693
2692
2691
1365
6819
6818
4653
6811
6810
6813
4652
6815
6814
6817
3549
50858
6575
26055
49793
6006
63276
8848
8849
8840
8600
8842
1363
8844
8845
8846
8847
7044
2908
6007
44657
33539
8915
27815
27816
32460
48043
26819
55110
26812
26810
26152
54274
26150
54272
40952
1769
40955
1762
1760
54270
1767
1765
1142
1143
1140
1146
1147
1144
2964
1148
1149
47202
64716
47200
57480
27608
6772
2966
6358
59000
27604
692
693
690
691
696
697
694
695
698
32078
26048
1548
1549
8710
1780
7199
7198
8714
8715
8716
1781
7193
7192
7191
7190
7197
1782
7195
7194
6402
31577
1783
6403
1784
6400
1785
34528
6401
8530
6406
8532
6000
8534
8535
8024
6407
7441
7113
5618
5619
7445
6404
7447
7112
5612
5613
5610
5611
5616
5617
5614
5615
55069
48741
6001
26782
8187
7116
8501
51412
57484
54978
7569
7119
4282
4283
4280
3042
4286
4287
4284
4285
47148
26085
4288
4289
26555
26554
53578
7767
31447
59784
44709
34540
40826
25736
25737
48744
30949
60649
380
381
382
383
384
385
386
387
388
389
4758
4759
6778
6779
4750
4751
4752
4753
4754
4755
4756
4757
5872
5375
5870
5876
5874
5374
5878
5879
3759
3758
56671
31221
3751
3753
3752
3755
3754
3757
3756
2190
2191
258
259
2194
2195
2196
2197
252
253
250
251
256
257
254
255
44665
61473
7581
64273
64611
64614
25952
56908
62155
4813
26558
4812
6008
4811
61934
60069
4810
168
169
164
165
166
167
160
161
162
163
34326
6745
3689
3688
4815
6744
3683
3682
3681
3680
3687
3686
3685
3684
6194
6195
6196
6197
2518
2519
6192
6193
2514
2515
2516
2517
2510
2511
2512
2513
2734
2735
2736
2737
2730
2731
2732
2733
6742
2738
2739
48231
3531
3530
3533
25951
3535
3534
3537
3536
3539
3538
5056
5057
5050
5051
5052
5053
7209
7208
30822
8747
7203
7202
7201
7200
7207
7206
7205
6748
6222
4336
6220
6221
6226
6224
6225
6228
6229
51562
44828
64903
54997
54995
4332
2795
4333
32076
6370
31263
5558
57509
4331
32139
53574
31610
39474
61931
6788
6579
46231
809
808
44225
62796
803
802
801
800
807
806
805
804
54196
48560
54190
38198
8604
26828
27109
27801
41716
3589
7169
27808
5274
1774
1777
1776
1771
1770
1773
1772
26323
1779
5279
32875
46581
40946
7919
1154
1157
1156
1151
1150
1153
1152
32593
47937
59014
59016
32261
59018
8697
1551
1550
25899
1552
1555
1554
1556
3034
1558
3036
3037
3030
3031
3032
3033
8703
8702
8701
8700
45210
8706
8705
8704
31747
8709
8708
31742
1081
8035
26073
8037
4691
8033
8039
55517
27528
2805
5604
5607
5606
5601
5600
5603
5602
34532
8522
8521
8520
5609
5608
8525
8524
26603
4690
44911
26606
50477
32596
51540
62203
7187
27432
50274
32049
7389
27744
31422
30970
55094
61037
39429
7163
26544
6250
52838
8694
53435
36531
6424
6425
6426
6427
4299
4298
6422
6423
4295
4294
4297
4296
4291
4290
4293
4292
6257
26187
39390
7264
7267
7266
41863
31408
61250
61253
61255
61257
6256
32009
7263
5831
6368
7262
4749
4748
6769
6768
4743
6766
4741
4740
4747
4746
4745
4744
55232
5869
5868
5865
5864
5867
5866
5861
5860
5863
5862
6510
25865
8537
61352
54910
57243
42721
6254
46335
59421
2183
2182
2181
2180
2187
2186
229
228
227
226
225
224
223
222
4600
220
6907
6797
41627
6453
6209
27362
6452
6903
43932
51127
43558
6902
151
150
153
152
155
154
157
156
159
158
6900
8850
61862
6459
6458
60072
6953
8136
60074
7338
5765
5936
8130
26379
39307
8131
6187
6186
6185
6184
6183
6182
2509
2508
2507
2506
2505
2504
2503
2502
2501
2500
2727
2726
2725
2724
2723
2722
2721
2720
50347
5930
45635
2729
2728
7236
7237
7234
7235
7232
7941
5049
4712
5047
5046
5045
5044
5043
5042
5041
5040
59795
60471
44613
6239
6238
27674
6235
6234
6237
6236
6231
6230
6233
6232
8696
33085
25878
49530
32120
48416
7815
3088
6791
7932
48414
7813
8866
8867
8864
8865
8862
7810
8860
1525
7811
7983
1526
8868
8869
818
1527
810
1520
62788
813
814
815
26834
1991
3495
47950
1522
1990
8582
25975
1523
26838
1993
27833
27831
1992
27837
7818
27834
1995
27839
25947
7759
1994
5267
1701
1702
1703
1704
1997
1707
1708
1709
1996
32383
4572
5269
5268
32060
4573
25802
4574
31060
5188
4575
1128
1129
5189
4576
1120
1121
1123
1124
1125
1126
1127
25885
25886
7936
61816
25888
58559
50158
3029
3028
3027
3026
3025
3024
3022
3021
3020
3953
8738
3952
8736
8737
8734
8735
8732
3951
5234
8731
8040
8041
8042
3950
8044
8045
4198
4199
4196
3957
4194
4195
4192
4193
4190
3956
5670
5671
5672
5673
3955
5676
5677
5678
5679
54075
3954
33672
41575
31485
38388
26614
26616
6798
8830
34189
31086
63131
42217
61961
32582
7982
32128
31083
57910
57655
61024
6799
2864
4849
49284
2865
6437
6436
6435
6434
6433
6432
6431
6430
48856
8198
8199
58191
6439
6438
2868
40414
2869
58303
7578
61248
46034
61240
61246
4776
4777
4774
4775
4772
4773
4770
4771
26285
26527
26283
32584
4778
4779
32017
6759
6752
6753
6750
6751
6756
6757
6754
6755
5818
5819
41566
5810
5811
5812
5813
5814
5815
5816
5817
5065
32721
64231
5064
52356
52352
32058
4619
4618
238
239
234
235
236
237
230
231
232
233
7675
60289
49666
41569
37545
55063
5543
4880
7152
4881
6247
146
147
144
145
42738
143
140
141
55768
4884
63062
148
149
30894
53883
4886
53887
4887
26067
26064
7809
3092
3342
2538
2539
3343
2532
2533
2530
2531
2536
2537
2534
2535
2712
2713
2710
2711
2716
2717
2714
2715
7070
2718
2719
30896
3347
7221
7220
5078
5079
7225
3344
7227
7226
5072
5073
3345
5076
5077
5074
5075
62764
3090
6248
6249
939
938
53956
933
932
931
930
937
936
935
934
5380
5381
5382
5383
5384
5385
5386
3091
5388
5389
33725
33722
56700
47940
48696
7614
38600
62331
31347
8692
8871
8870
8873
8872
6200
3096
8876
8879
8878
7924
6773
25937
48214
45335
829
828
53835
824
827
40969
821
820
823
44929
26841
6976
3097
30892
6977
7925
30747
5238
7065
7616
27828
55820
6392
27826
63310
27820
27821
27822
1713
796
795
1710
793
792
791
1714
5628
1719
5259
2413
799
798
31694
2412
33312
63119
6580
2415
47978
31930
8169
2414
1139
1138
2417
7923
1133
1132
1131
1130
1137
1136
1135
31123
54004
4974
5945
25906
31692
4975
26504
6979
6251
5943
62113
3018
3019
7148
7149
3012
3013
3010
3011
3016
3017
3014
3015
8729
8728
33896
5530
4972
8721
8720
8723
4973
8725
8724
8727
8726
4189
4188
8503
8502
7029
8056
8507
8506
4181
4180
4183
4182
4185
4184
4187
4186
5663
5662
5661
5660
5667
5666
5665
5664
5669
5668
1535
2882
2883
2880
2881
2886
2887
2884
2885
7492
7493
2888
2889
34198
44974
45499
2
47254
58975
7092
3196
61011
5783
39444
1286
7560
26524
11
10
13
12
15
14
17
16
19
18
6408
6409
3274
8183
60950
7764
6021
7766
3275
51991
7761
7762
7763
3272
7768
7769
3194
3905
3906
3907
3900
3270
3902
3903
42632
3271
3908
3909
59037
4761
4760
4763
6746
4765
4764
4767
4766
4769
4768
32591
6749
3193
8765
56633
7189
5235
2742
31785
50003
5809
5808
51498
55668
5803
5802
5801
3192
5807
5806
5804
201
200
203
202
205
204
207
206
209
208
8762
3476
1573
3477
62081
7181
3470
1571
34499
3471
60397
1570
48061
3472
7184
3473
50005
7185
25763
25762
48394
1575
3190
25769
60393
1574
8886
61279
48783
44972
8887
60391
64575
8880
8881
6329
44937
3658
3659
53894
25795
3654
3655
3656
7367
3650
3651
3652
3653
2525
2524
2527
2526
2521
2520
2523
2522
26078
26079
8388
2529
2528
45431
57223
25793
8652
33158
4888
4889
5067
5066
2709
2708
5063
5062
2705
2704
2707
2706
2701
2700
2703
2702
6785
8381
52545
8894
26203
50898
4408
4409
58293
4404
4405
4406
4407
4401
4402
4403
928
929
6259
6258
6115
920
921
922
923
924
925
926
927
5393
5392
5391
5390
5397
5396
5395
5394
2411
5399
5398
58972
8545
55507
48780
8016
48600
6807
832
833
830
831
836
837
834
835
8884
7451
838
839
3478
3479
8882
8540
48262
8543
45611
8010
56775
7074
7457
49265
6590
6570
3941
6688
6571
8687
43926
27851
27850
6805
5639
27587
27857
7453
784
785
786
787
780
781
782
783
1726
1727
5247
1725
788
789
1720
1721
6956
7020
43921
30850
55118
9003
6578
7076
7931
5624
7025
7930
26629
7024
7933
34299
5622
3005
3004
3007
3006
3001
3000
3003
3002
52042
32029
7459
52561
3008
7934
1371
1588
1589
7937
7159
1370
1582
1583
1580
1581
1586
1373
1584
1585
1372
5481
7938
48150
8602
5480
26059
1374
34072
57865
1377
8069
7704
1376
8062
8063
6043
7485
7484
6801
7486
7481
7480
5658
5659
5656
5249
5654
2416
5652
5653
5650
5248
32371
25942
2899
1728
7705
2895
2894
2897
1729
2891
2890
2893
2892
1454
1107
1104
1105
1102
1103
1100
1101
7458
1458
1459
4830
8270
5246
54116
1722
63806
1723
3737
3837
8601
5243
27022
3736
6523
5242
26513
3735
46258
3734
6419
49526
6415
3733
6417
6416
6411
6410
6413
3732
27555
6832
7774
7773
3731
7771
7770
6906
6598
3730
55020
3917
3916
3915
3914
3913
3912
3911
3910
63859
42556
4693
3919
3918
6730
6731
6732
4692
4798
4799
6736
6737
4794
4695
4796
4797
4790
4791
4792
4694
5836
5837
5834
5835
5832
4697
5830
4030
4696
5838
5839
26391
50153
65037
50151
32109
2965
6057
6833
4034
216
217
214
215
212
213
210
211
5009
5992
8605
8128
218
219
26360
3094
64986
6088
6089
6086
6087
6084
6082
6083
6080
6081
51174
59382
49013
5998
61434
25773
61262
25771
4
25774
61267
42094
3284
6901
8650
3649
3648
3646
3645
3644
3643
3642
3641
3640
2550
2551
2552
2553
2554
2555
2556
2557
2558
2559
7060
26082
52375
42730
48711
8890
2778
2779
4899
4898
5014
5015
3282
5017
2770
2771
2772
2773
2774
2775
2776
2777
7791
6052
7979
4901
3940
7976
6266
6267
6264
6265
6262
6263
4419
4418
4417
4416
4415
4414
4271
4412
4411
4410
5168
919
918
5169
915
914
917
916
911
910
913
912
31696
53207
27912
51705
31553
49274
4903
48678
30721
7918
46959
49278
26989
847
846
845
844
3463
842
841
840
8897
8896
8895
7158
8893
8892
849
848
4902
7087
7156
8478
44777
7155
55245
6789
27592
7153
26865
26861
1587
62553
33880
7086
7151
27843
7150
27846
47518
48682
1739
5239
8690
32316
8756
1731
1730
1733
1732
1735
1734
5236
5237
7089
6318
44595
6909
6042
40278
8528
4907
56941
5260
7088
1595
1032
1597
1596
1591
1590
1593
1033
3078
3079
33966
59501
1599
1030
36401
31702
25839
7168
1031
31705
7162
1036
7160
7161
7166
7167
7164
1037
8191
33564
1034
30952
1035
56949
4089
1212
31528
39052
32289
1213
31522
8070
7912
1210
7157
5649
5648
1211
30745
44731
5641
1216
5643
5642
4279
5644
5647
1217
6334
27416
7959
1214
54691
6335
1215
6336
49272
1111
1446
1113
1112
1115
1114
1117
1116
1119
4589
4278
47274
1449
4588
47725
8889
47721
4859
8636
6780
5100
4858
43460
4826
4585
43914
489
488
487
486
485
484
483
482
481
480
6468
6469
4586
8635
7917
48909
6460
4853
6462
6463
6464
4827
6466
4852
7742
4725
6522
31030
4851
31032
4724
8268
7748
4850
31038
4727
27768
8269
3922
3923
3920
3921
3926
3927
3924
3925
6914
4721
3928
3929
58029
4720
6723
6529
6721
6720
6727
4723
4789
4788
4787
4786
4785
4722
4783
4782
4781
4780
5821
5820
5823
5655
5825
5824
5827
5826
5829
4825
50189
30942
7488
43899
50162
61073
50160
61075
8262
8885
5651
8913
7914
59729
26599
8362
6099
52929
62254
6091
6090
6093
6092
6095
6094
6097
2898
6917
26491
8365
6048
49347
26497
50440
27271
25746
31687
25744
32456
6910
2896
199
198
195
194
197
196
191
190
193
26677
25797
58876
3678
3679
39659
3672
3673
3670
3671
3676
3677
3674
3675
2543
2542
2541
2540
64999
2546
2545
1455
26096
2549
2548
1456
64993
7096
1457
31685
56333
1450
61697
6912
56339
3580
3581
2769
2768
3584
3585
3586
3587
2763
2762
2761
1453
2767
2766
2765
2764
6324
4309
31156
7900
7901
6913
4260
902
903
900
901
906
907
904
905
4422
4423
908
909
4426
4427
4424
4425
4308
4623
4624
31150
4261
4625
31445
6218
4626
62344
7095
4627
4082
48649
4083
49263
64229
7090
46948
3452
3453
3450
3451
850
851
852
853
59369
3458
3459
858
3293
4088
6
41997
6300
41336
27876
27875
27874
27873
7093
26870
26875
27879
27878
7154
26144
8907
5229
5228
44494
5223
5222
5221
5220
5227
5226
5225
5224
8934
8935
8936
8937
8930
8931
7824
8933
54259
27020
8902
8938
8939
6726
48872
48301
34271
2912
3063
3062
3061
1798
3067
3066
3065
3064
3069
3068
7179
7178
42734
38038
2916
50923
31737
2917
48879
1696
1793
1694
1695
1692
1693
1690
1792
8264
1791
1698
1699
34018
56015
4817
1797
7573
4268
1796
26172
7572
1795
44949
39292
1794
4816
30818
32162
58706
6075
4269
54284
1472
1473
1471
1476
1477
1474
1475
32392
44197
1479
47264
27368
1304
1305
1306
1307
1300
1301
1302
1303
32853
54281
45852
52101
31193
4587
6908
498
499
26934
494
495
496
497
490
491
492
493
24
25
26
27
20
21
22
23
6473
6472
6471
6470
28
29
5588
5589
31040
50792
31042
6915
7758
31047
35015
31049
6328
7757
7121
7751
49772
7753
7752
5308
7279
3939
3938
5309
55451
3934
3937
3936
3931
3930
3933
3932
8332
8330
8331
8336
8337
6718
6719
5195
6717
6714
6715
6712
6713
6710
6711
57690
51372
4313
5300
5301
5302
65011
56915
4923
7071
62010
57550
32090
5305
3267
5306
5307
8484
4044
4045
4046
4047
4040
4041
4042
4043
4048
4049
3266
25759
34155
33675
25750
25752
25753
27266
25755
4921
2288
2289
3667
3666
3661
3660
3663
2050
2280
2281
2282
2283
2284
2285
2286
2287
64990
39896
32361
8505
63237
4538
32369
4920
4539
26788
39869
4828
2578
2579
2576
2577
2574
2575
2572
2573
2570
2571
4534
6733
8504
8674
4535
6734
4927
4824
6735
3593
1087
3591
3590
3597
3596
3595
1086
5036
4822
3599
3598
5032
1085
5030
4823
4435
4434
4437
1084
4431
4430
4433
4432
7913
1083
4821
4439
4438
7915
1082
976
4319
974
973
972
971
970
6284
6285
6286
1080
6280
6281
6282
6283
182
183
180
181
186
187
184
185
188
189
7450
8239
7075
6337
8238
4820
62378
62376
62374
8754
62577
7952
6079
6851
4592
4924
7989
27114
47642
6330
5833
869
868
3449
3448
39400
861
860
3447
862
865
864
867
866
2024
2025
2026
2027
2020
2021
2022
2023
62970
6331
2028
2029
2758
2759
48032
27864
27865
27866
4217
27869
6853
4590
5216
5217
5214
5215
5212
5213
5210
5211
6332
26681
5218
5219
51014
26680
8757
59129
46664
4591
57964
26686
8856
8926
8925
8924
8923
6180
8921
6333
6486
4800
8929
8928
5414
37287
5415
4596
5416
8625
7100
7101
7102
5417
7104
7105
3058
7107
3056
3057
3054
3055
3052
3053
3050
3051
39398
8751
5412
38499
4597
31724
1681
1680
1683
1682
1685
1684
1687
1686
1689
1688
33585
60201
63239
31750
4594
34002
7707
6795
36553
55854
6064
7280
4595
58439
64338
34143
52037
1468
1465
8
1466
1461
1460
1463
1317
6859
1314
1313
1312
1311
1310
3276
5800
25941
1318
6446
6447
6916
6445
6442
6443
4239
4238
4237
4236
4235
4234
4233
4232
4231
4230
5591
5590
5593
5592
5595
5597
5596
5599
5598
7077
6339
59256
7728
31053
3035
60943
7720
7723
7724
7725
7726
7727
3948
3949
319
318
50583
4214
313
312
3942
310
317
316
315
314
6709
6708
4216
7284
6701
4211
6703
6702
6705
6704
6707
6706
26258
32954
63876
58964
4212
46574
1335
6214
4219
1334
61724
27783
1337
65006
42736
1336
6211
64969
60894
1331
32770
64750
55555
1330
4218
1333
8861
1332
4366
50442
3273
4056
4055
4054
4053
4052
4051
4050
26306
61742
26302
6063
4059
6850
8899
6931
6219
8699
4361
2690
8698
3610
42725
2299
2298
2969
3615
3616
3617
2293
2292
2291
2290
2297
2296
2295
2294
55955
8695
32375
8126
4360
56286
43560
8125
2569
2568
36152
8124
37733
2561
2560
2563
2562
2565
2567
2566
32084
8693
4363
50445
5776
32088
52321
25777
5029
5028
7292
6812
7294
7295
5190
7297
5021
5020
5023
5022
5025
5024
5027
5026
4440
4441
4442
4443
4362
4445
4446
4447
4448
4449
6816
62394
26750
964
965
966
967
960
961
6299
963
6297
6296
6295
6294
968
969
6291
6290
5577
26124
50447
26122
26123
5576
26840
8954
26695
7701
5575
26128
5574
40887
39408
5573
53189
49957
8998
5572
64249
4672
63647
7708
7063
37475
32825
46965
5570
64245
7844
30883
3438
1241
4936
879
876
877
3432
875
872
1243
870
3437
2037
2036
2035
1534
2033
2032
2031
2030
2749
1245
4598
4599
4840
4841
2039
1532
59731
7324
4937
27899
1247
64034
6190
3095
7326
56748
5201
1249
5203
5202
5205
5204
5207
1248
5209
5199
5193
3237
32149
47384
6511
6191
4369
3235
47382
8912
1964
8910
8911
8916
8917
8914
1965
54276
8918
8919
1966
5182
33750
1967
7946
4368
1960
1961
3049
3048
7111
7110
7117
1962
7115
7114
3041
3040
3043
1963
3045
3044
3047
3046
45928
60516
49932
27410
7072
26693
4499
27734
1678
1679
1674
1675
1676
1677
1670
1671
1672
1673
1094
1095
1096
1097
1090
1091
1092
1093
5420
1098
1099
7291
40629
7842
56511
7523
31309
45106
8843
6338
8518
1419
26147
43708
26084
1410
1411
1412
1413
1414
1415
1416
1417
1322
1323
1320
1321
1326
1327
1324
1325
1328
1329
8519
60295
6451
6450
4208
4209
6455
6454
6457
6456
4202
4203
4200
4201
4206
4207
4204
4205
5568
5569
26242
5564
5567
5560
5561
5562
5563
7739
7738
50800
50802
7730
50804
50806
26246
308
309
3959
3958
31188
55729
300
301
302
303
304
305
306
307
26241
6199
62250
36708
8129
31112
32966
58334
55288
61048
26240
60418
42732
27792
58332
27790
27797
41573
5010
5011
27812
5012
55442
5013
55391
8722
51277
60044
4062
4063
4060
4061
4066
4067
4064
4065
4068
4069
7410
5784
4893
5786
5787
5780
5781
5782
4892
55159
26811
5788
5789
3603
3602
3601
3600
3607
3606
3605
3604
4897
3609
3608
55440
4896
55946
32342
32347
4895
32345
55154
32349
4894
42418
42013
7182
26976
7419
6118
6119
6114
2990
6116
6117
6110
6111
6112
6113
5039
7067
32743
31026
7066
56367
6700
7183
7283
7282
7281
5440
7935
7286
7285
2991
7939
5136
7289
7288
48738
7062
4453
4452
4451
4450
4457
5445
4454
42015
4459
4458
43396
959
958
951
950
953
952
955
954
957
956
26113
26112
26111
26110
26117
26116
26119
30812
7411
63808
46919
26136
7186
56171
40959
3429
3428
6260
56945
3423
3422
3421
3420
3427
3426
3425
3424
2002
2003
2000
2001
2006
2007
2004
2005
3901
4584
2008
2009
4581
4580
4583
4582
59721
45028
59727
27888
59725
4413
27884
6614
27882
41014
6268
8628
6269
7393
50068
8629
3197
31148
8158
6065
55726
6066
54268
8624
6067
8909
8908
8157
8905
6060
7392
8906
8901
8626
8903
6061
54736
54734
54732
4969
30991
4968
3202
8621
44193
44191
26939
8622
7128
7129
7126
7127
7124
7125
7122
4965
7120
4078
7073
27408
4964
60040
6319
27402
5791
42213
6841
8680
1669
1668
1667
1666
1665
62390
1663
1662
1661
1660
591
590
593
592
595
594
597
596
599
598
42740
1089
1088
7954
8859
41721
26688
55851
2829
2824
2825
2826
2827
2820
2821
2822
2823
3386
3387
3384
3385
5410
5411
3380
5413
58418
5418
5419
3388
3389
44022
1409
1408
5793
1401
43919
1407
1406
1405
1404
4215
1546
449
448
1339
4210
4213
1547
443
442
441
440
447
446
445
444
6932
6930
1545
6936
6937
6934
6935
8127
1542
6938
6939
8123
8122
8121
1543
7706
3261
39
38
7702
7703
7700
3260
33
32
31
30
37
36
35
34
31079
3262
5605
5799
37857
3265
5798
55721
3264
62153
5179
339
338
335
334
337
336
331
330
333
332
5124
56719
5125
8341
8340
5126
31184
5178
5127
44864
8711
48326
36537
5002
8712
8410
25905
25904
8713
25901
25900
25903
47516
61707
25908
61705
3467
61560
8853
3466
3195
8718
26326
3464
8529
8719
56715
7106
3462
8852
4079
3461
5000
4074
4077
4076
4070
4073
4072
3966
3967
3964
3965
3962
3963
3960
3961
3200
27584
3968
3969
8851
31114
7370
3638
3639
3636
3637
3634
3635
3632
3633
3630
3631
32354
59908
26133
3469
31682
60389
3468
8769
32352
6858
36533
7743
6109
6108
6107
6106
6105
6104
6103
6011
6101
6100
55577
5450
8768
6301
57538
56003
26211
57530
57532
57534
57536
61967
33410
4468
4469
4466
4467
4464
4465
4462
4463
4461
4795
948
949
946
947
944
945
942
943
940
941
49007
6591
46572
26107
26101
2410
48943
6102
3417
3414
3415
3412
3413
3410
8531
49220
46901
34523
3418
3419
44729
8533
44555
6327
6326
4868
4869
2019
2018
6321
6320
2015
2014
2017
2016
2011
2010
2013
2012
58627
5160
58622
7440
59715
55100
8660
7442
36539
53769
6569
59915
26134
7444
55926
5161
63121
7446
60618
8978
7449
62836
36509
36056
7448
8970
8971
8972
8973
8132
8976
8977
8527
6566
56145
6790
6560
7139
7138
27434
8511
4793
7131
7130
7133
7132
7135
7134
7137
7136
8526
27841
7944
56001
49910
7013
1658
1659
53447
26131
1652
1388
1650
1651
1656
1657
1654
1655
586
587
7945
585
582
583
580
581
49644
26698
8133
588
589
40973
8999
2839
2837
2836
2835
2834
2833
2832
2831
2830
3391
1437
1434
3392
1432
1433
1430
1431
3399
1380
1438
1381
5230
59910
8967
25954
5231
33499
5232
1541
458
459
4262
4263
56607
4265
4266
4267
450
451
452
453
454
455
456
457
3702
8118
8119
6929
6928
5167
3703
6925
6924
6927
6926
6921
3700
6923
26746
5548
3701
3263
7714
7716
5542
3706
5540
5541
5546
5547
5544
3707
3704
8598
8599
8596
8597
8594
3705
8592
8593
55844
8591
8376
8377
8374
8375
8372
8373
8370
8371
8378
7775
5890
5891
5892
5893
5895
5896
5897
5898
4668
32844
4669
48982
4918
59655
4919
55732
25916
4664
25914
8447
6325
4665
55765
4914
38095
4915
8148
4912
36276
26350
4910
6738
4900
4911
4008
4009
26139
4000
4001
4002
4003
4005
4006
4007
322
3970
320
321
326
327
324
325
3979
3978
328
329
46772
51088
3629
3628
52283
52285
52287
3621
3620
3623
3622
3625
3624
3627
3626
32329
8841
4281
52458
31004
32325
6528
4866
8253
3070
6138
6139
60939
1594
6132
6133
6130
6131
3072
6134
6135
51662
7388
3073
51666
55566
53921
3074
51884
52885
3075
8142
26550
3076
57522
50149
1592
57526
5171
4479
4478
63676
8979
4471
4470
4473
4472
4475
4474
4477
4476
61354
44761
5016
1598
26178
36511
3252
2248
2249
2244
2245
2246
2247
2240
2241
2242
2243
2464
2465
2466
2467
2460
2461
2462
2463
64278
2468
2469
45221
3401
3253
3403
3402
3405
3404
3407
3406
3409
3408
7249
5341
4875
4874
4877
4876
4871
4870
4873
4872
56921
5018
5343
4879
4878
31270
2068
2069
2798
2799
6316
6317
6314
6315
2060
2061
2062
2063
2064
2065
2066
2067
59709
33493
58655
33495
5019
5348
4926
58879
3255
5349
52717
52715
52712
6869
7165
7380
54934
55250
5455
32674
33903
43853
8969
8968
8327
36519
8963
5692
8961
8960
6440
8966
8965
8964
39381
32294
26394
36752
7943
62198
48161
38061
6441
62662
26915
1645
1644
1647
1646
1641
1640
1643
1642
49961
1649
1648
4228
8236
6062
6864
5690
33136
31162
48997
4365
579
33134
40614
61167
573
572
571
570
577
575
574
2808
2809
4956
2802
2803
2800
2801
2806
2807
2804
1208
1421
1420
1423
1422
1425
3369
1427
1426
1429
1428
5438
3367
3360
3361
3362
3363
6866
5696
4883
4957
50619
34065
6323
31160
6322
4273
4272
1359
1358
469
468
4275
4274
465
464
467
466
461
460
463
462
5555
4862
5557
5556
5551
5550
5553
4863
6482
6483
6480
4905
5559
4860
6484
6485
7879
4861
26776
4224
34323
3224
26778
5694
4885
4867
8589
6774
4864
41571
6775
8581
8580
8583
4865
8585
6776
8587
8586
8361
8360
8363
6777
4225
8364
5129
8366
8369
6770
6861
44004
6771
5883
3439
5881
5880
5887
5886
5885
5640
5889
5888
51418
6554
6555
6556
6557
6550
6551
6552
5873
6862
5645
27746
6558
6559
30810
3184
3185
3186
3180
3181
3182
3183
25929
5646
3188
3189
6863
5875
4857
26996
26345
6078
39449
26349
62000
4019
4018
47976
4013
4012
4011
4010
4017
4016
4015
4014
357
356
355
354
353
352
351
350
3984
3985
3986
3987
3980
3981
359
358
4833
39446
52279
39441
5796
6125
4855
6127
6126
6121
6120
6123
6122
32333
6129
6128
32335
1447
8672
6288
58146
58652
1445
4854
289
288
1444
51678
281
280
283
282
285
284
287
286
7254
30846
43333
1441
7255
38886
1440
7256
7250
61986
6019
7251
5061
4633
3225
4632
7253
2192
2193
62526
2259
2258
2257
2256
2255
39394
2253
2252
2251
2250
2477
2476
2475
2474
2473
2472
2471
2470
64285
63853
4634
64280
2479
2478
54001
4090
7872
2199
7878
4639
2785
2784
2787
2786
2781
2780
2783
2782
4808
4809
2789
2788
32074
2079
2078
6309
6308
55190
2073
2072
2071
2070
2077
2076
2075
2074
5790
33905
31804
9010
31807
47728
52722
46062
8057
52724
55444
3221
8956
8957
6538
8955
8952
8950
8951
8974
8958
8959
36529
62851
36523
3220
36527
50601
36525
5730
6855
8544
26901
6854
8900
6857
54094
7697
6856
2907
48159
62671
62792
2906
1986
1631
1632
1633
1982
1635
1636
1981
1639
6852
3218
3219
1988
1989
45074
41025
3222
7790
7097
44073
568
569
2817
2816
2811
2810
2813
2812
560
561
562
563
564
565
566
567
5069
33681
59118
33683
57274
33688
8541
7081
7080
7083
7082
5429
5428
1188
1189
1186
1187
1184
1185
3373
1183
1180
3370
59590
32892
6686
6461
7749
6495
6494
6497
6496
6491
6490
4248
4249
4246
4247
4244
4245
4242
4243
4240
4241
5520
5521
5522
5523
5524
5525
5526
5527
5528
5529
6467
6947
6946
6945
6944
48
49
46
47
44
45
42
43
40
41
61678
8542
5370
31359
8398
8399
8395
4848
8391
8392
7094
26294
54768
53996
39703
4398
4399
6545
6544
6543
6542
6541
6540
4390
4391
4393
4394
4395
4396
4397
472
473
470
471
476
477
474
475
25934
478
479
25930
25931
3199
1369
7252
25945
57845
8167
52579
4026
4027
4024
4025
4022
4023
4020
4021
26375
64030
4028
4029
55872
4607
7841
8806
344
345
346
347
340
341
342
343
3997
3996
3995
3994
348
349
3991
3990
6356
32657
56587
32302
6357
33646
6150
6151
6152
6153
6154
6155
6156
1653
6158
6159
55901
44058
47615
6353
4845
53349
7792
6350
6722
60421
6351
4831
27731
45503
298
299
296
297
294
295
292
293
290
291
60137
26694
60135
4832
60133
6725
6582
4835
6724
26696
4834
49571
6479
4837
8733
8758
4836
6729
43987
8759
26049
26155
4784
55908
8208
26151
7992
6584
7991
26159
26158
6478
2268
2269
8755
2262
2263
2260
2261
2266
2267
2264
2265
2442
2443
2440
2441
2446
2447
2444
2445
31247
2448
2449
2189
42900
8203
5822
64921
8093
5486
8753
64926
8168
8092
2046
2047
2044
2045
2042
2043
2040
2041
8232
6198
4819
4818
7627
2048
2049
6378
6379
3150
57504
34177
5828
5485
6371
6373
6374
6375
6376
6377
53355
4978
7623
30981
7622
54881
3238
40988
36513
30994
63113
4843
8634
37830
4979
8941
36535
8943
8942
8945
8944
8947
8946
8949
8948
54958
31260
3239
60647
42783
5483
50356
5297
6885
7613
45208
33819
5407
62644
26974
3390
54771
3393
54775
5482
5404
6882
3395
7028
48412
48142
3394
1623
1622
1621
1620
1627
1626
1625
1624
1999
1998
1629
1628
58059
3209
3208
45062
6883
3398
5058
41585
8235
5059
2860
2861
2862
2863
559
558
2866
2867
555
554
556
551
550
553
552
5054
54372
5409
5055
59107
8682
1439
59392
59103
1199
1198
3348
3349
7078
7079
62245
59912
1191
1190
1193
1192
5454
1194
1197
1196
7085
37955
37957
61236
8683
51007
7942
4259
4258
6974
6975
6972
6973
6970
6971
4251
4250
4253
4252
4255
4254
6978
4256
5533
5532
5531
4977
5537
5535
5534
27436
5539
5538
50259
40491
54962
26713
30996
5102
8681
53953
6740
6475
1348
31349
1349
8387
8385
8384
8383
8382
5103
8380
54686
8686
51471
40412
31923
7204
6572
6573
4389
4388
6576
6577
6574
6223
4383
4382
4381
4380
4387
4386
4385
4384
407
406
405
404
1375
402
401
1341
1379
1378
25943
6096
7698
1342
409
408
3834
3835
3836
1343
3830
3831
3832
3833
1344
5101
53972
3838
3839
8684
1345
4031
3207
4033
4032
4035
1346
4037
4036
4039
4038
1347
26364
26366
27618
5106
8685
3206
379
378
7521
371
370
373
372
375
374
377
376
32646
55247
6888
60341
5107
32318
3205
32649
6143
6142
6141
6140
6147
6146
6145
6144
26052
6149
6148
6889
5104
32792
44195
3204
6920
26498
26492
55995
8584
60832
7091
26494
26495
5105
8688
3203
27735
64116
7713
5499
55999
5549
6500
61394
26950
26743
2275
53127
26142
2276
2271
2270
2273
2272
26148
59044
2279
2278
48385
60046
4981
43744
7351
4318
2459
2458
56757
2455
2454
2457
2456
2451
2450
2453
2452
4980
51094
7064
5545
63698
2051
1502
2053
2052
2055
2054
2057
2056
2059
2058
4536
4537
4530
4531
4532
4533
7980
7981
6369
1501
7984
7985
7986
7987
7988
3089
6367
6366
6365
1507
7337
58291
1504
7336
33191
33193
44199
7335
46723
4982
5149
7334
8631
63989
8221
4916
63479
3087
36541
31109
3086
7331
5496
60937
25866
58998
7330
32158
60654
4985
1977
3083
1976
48319
3082
1975
6380
34767
1974
5497
6383
26965
1973
4983
6382
4984
1972
3223
32153
61323
1970
3232
7325
3230
3231
1968
1969
7322
1619
1616
1617
1614
1615
1612
1613
1610
1611
8858
7357
46972
33451
2873
2872
2871
2870
2877
2876
2875
2874
26682
2879
2878
8225
3355
3354
3357
3351
3350
3353
3352
8379
3359
3358
5449
5448
7069
7068
5443
5442
5441
2544
5447
5446
4917
5444
7359
54745
8855
58297
8854
5493
26094
8571
6961
6960
6963
6962
6965
6964
6967
6966
6969
6968
8154
8620
8153
7358
8623
49276
8920
2402
5509
5506
5507
5504
5505
5502
5503
5500
5501
64959
31598
8228
26700
31594
46430
26704
31590
542
543
540
541
546
547
544
545
3784
548
549
27803
6465
34536
54193
7772
27776
27772
27773
47330
27778
5137
47793
59313
5476
4631
6568
59315
6565
6564
6567
6068
6561
5474
6563
6562
414
415
416
417
410
1389
412
413
1384
1385
1386
1387
418
419
1382
1383
3827
3826
3825
3824
3823
3822
3821
3820
5471
5001
3829
8446
3583
5007
5135
40833
5006
50912
5005
5461
5004
31854
50066
3588
50064
61357
61350
368
369
366
367
364
365
362
363
360
361
55257
60333
5008
32677
55253
5460
5275
51911
5276
55259
47956
5277
6178
6179
6176
6177
6174
6175
6172
3215
6170
8302
39231
5463
5272
5273
27685
64497
7052
31429
60161
3465
3216
5691
47810
7033
5462
8991
26649
60487
5278
60484
7057
38824
5131
56563
53999
3217
53993
55363
2200
2201
2202
2203
2204
2205
2206
2207
2208
2209
5130
6689
52241
6680
6681
6682
6683
6684
6685
5464
6687
2428
2429
6270
2420
2421
2422
2423
2424
2425
2426
2427
6273
4429
3211
37976
7845
6275
7847
7846
5467
7840
7843
6274
4839
4838
6354
6355
6352
6277
4529
4528
4527
4526
4525
4524
4523
4522
4521
4520
7993
6279
6905
7990
7995
6278
5466
6157
4420
58839
8149
33188
4421
5298
5299
5296
3226
5294
5295
5292
5293
5290
5291
26359
26488
6999
1814
1815
1816
1817
1810
1811
1812
6076
7344
1819
40010
8637
6074
48304
8140
6073
8143
6072
33834
6997
40962
8633
30954
6070
8632
4952
7323
31467
8147
4953
27376
8630
4950
1609
1608
4987
4951
7333
7332
1979
1978
1601
1600
1603
1602
1605
1604
1971
1606
33454
26734
4954
59834
4955
45081
8256
59126
7343
2848
2849
2846
2847
2844
2845
2842
2843
2840
2841
3320
5477
3322
3323
3324
3325
3326
3327
3328
3329
58309
5478
5479
3971
7058
7059
45880
51086
5697
7053
7050
7051
7056
3973
7054
7055
63082
8997
3972
33237
3975
5516
3974
7341
6414
6998
3977
8639
8638
6994
6995
6996
3976
6990
6991
6992
6993
5519
5518
25898
5128
51314
5511
3038
5513
5512
5515
5514
5517
3039
2998
2999
59
58
43679
55
54
57
56
2994
50
53
52
537
536
535
534
533
532
531
530
8252
7342
47836
2992
539
538
47306
2993
63540
5139
52281
31584
5138
55814
2995
3294
2996
46976
3295
6246
2997
3296
6518
6519
5134
25963
25962
25961
25960
5487
5133
6512
6513
6514
6515
6516
5132
429
428
31107
3292
1399
1398
421
420
423
1394
425
424
427
426
3812
3813
3810
3811
3816
3817
3814
8994
3818
3819
8457
8456
8455
8454
8453
8452
8451
8450
3456
31251
8459
3457
43556
34319
3454
3455
47830
53974
31362
31364
6412
31367
7541
60322
55261
32668
63436
32666
51903
8259
6169
6168
7348
31116
6161
6160
6163
6162
6164
6167
6166
55286
51638
3474
8258
59440
7349
4714
53326
4715
3475
57370
4716
53988
38992
4717
38994
32781
4710
50872
4711
63433
2212
2211
2210
2216
2215
2214
42007
2219
2218
7099
5475
6699
6698
45361
7231
6693
6692
6691
6690
6697
6696
6695
6694
64418
2439
2433
2432
2431
2430
2437
2436
2435
2434
7838
7839
4922
7831
7832
7833
7834
7835
7836
7837
6341
6340
4518
4519
6345
6344
6347
6346
4512
4513
4510
4511
4516
4517
4514
4515
33644
51660
34534
34150
3201
5289
5288
62803
25870
5281
5280
5283
5282
5285
5284
5287
5286
25964
60674
37382
7615
1807
1806
1805
1804
3786
3787
1801
3785
8992
8993
3788
3789
8996
7038
1809
8995
4996
4997
4994
4995
4992
4993
4990
4991
45525
59306
4829
4999
27491
7926
44694
5436
57528
6599
34153
56030
6517
53450
49422
47099
3258
3259
1948
1544
7306
4726
7304
7305
1942
1943
1940
1941
1946
1947
1944
1945
33421
27727
54503
54505
57520
31101
2859
2858
59157
2851
2850
2853
2852
2855
2854
2857
2856
1490
1397
3331
1493
3337
1495
1496
1396
1498
1499
3339
3338
7049
1395
30749
48593
61970
48591
48596
62729
1393
63329
48598
37477
1392
6405
1391
1390
37741
37211
8608
7039
6989
6988
6987
6986
6985
6984
6983
6982
3077
6980
39369
26726
52456
26729
5437
2989
2988
25868
2983
2982
2981
2987
2986
2985
2984
524
525
526
527
520
521
522
523
1014
1015
1016
1017
528
529
1012
1013
1234
1235
1236
1237
1230
1231
1232
1233
7994
54256
1238
4358
4359
4354
4355
4356
4357
4350
4351
4352
4353
25971
6509
6508
4679
25977
6503
6502
4678
6507
6506
6505
6504
4677
26547
438
4676
436
437
434
435
432
433
430
431
55492
4674
3809
3808
3805
3804
3807
3806
3801
3800
3803
3802
8462
8463
8460
8461
4671
8464
8465
26676
4670
30890
5708
5709
5705
5706
5707
5700
5701
5702
5703
58376
50514
8458
51939
47465
55278
62799
51077
51933
8025
51937
32617
26171
26170
6421
4174
4175
4176
4177
4170
4171
4172
4173
55178
64839
4178
4179
26174
3060
53133
7171
26176
62916
7170
6897
7394
6428
6896
7397
6429
6899
7396
32291
48082
6898
7391
26842
32298
55830
7390
42018
26199
26198
5148
43011
2229
2226
2227
2225
2222
2223
2220
2221
1
5925
5926
5927
5921
5922
5923
5928
5929
5357
5356
5142
51084
9007
5068
5143
4505
4504
4507
4506
4501
4500
4503
4502
5353
7821
7820
4509
4508
5352
2088
2089
8595
5351
3400
2082
2083
2080
2081
2086
2087
2084
2085
26265
39715
52591
32862
26269
33004
53318
49524
9005
57326
5329
8985
8984
8987
8986
8981
8980
8983
8982
55267
8989
8988
1832
1833
1831
1836
1837
1834
1835
3795
3794
3797
1839
3791
3790
3793
3792
2154
2155
2156
2157
2150
2151
2152
2401
4989
4988
48322
7103
2158
2159
2408
2409
8117
8263
60293
41411
1955
1954
1957
1956
1951
1950
1953
1952
55274
1959
1958
60590
33685
3249
3248
7319
7318
7298
3243
3242
3241
3240
3247
3246
3245
3244
54513
54510
33437
59810
33592
59816
9001
4310
59141
4311
4312
1483
1482
7032
1480
1487
1486
1485
1484
3306
3307
1489
1488
3302
3303
3300
3301
6312
49856
63339
6313
7626
6310
50794
37739
1270
6311
1271
37731
33677
40148
1272
63481
37736
44840
1273
47493
30701
1274
6201
26002
6009
30707
1275
31035
2792
1276
31909
2793
7786
7787
7784
1277
7782
2790
7781
34520
26483
2791
59478
2796
50796
3308
2797
519
518
33826
2794
1009
1008
511
510
513
512
515
514
517
516
623
1226
621
620
627
626
625
624
6763
629
628
1228
6536
6537
6534
6535
6532
6533
4349
4348
4347
4346
4345
4344
4343
4342
4341
4340
8793
50798
59362
30803
8615
8614
8617
8616
8611
8610
8613
8612
8619
8618
3878
3879
32469
3870
3871
3872
3873
3874
3875
3876
3877
34608
6847
30825
8477
51037
7566
7567
7564
7565
7562
7563
5719
5718
5717
5716
5715
5714
5712
5711
5710
9009
61475
60309
61470
6865
55276
32602
32600
55205
9008
32605
47610
7045
26898
52967
62999
5372
4167
4166
4165
4164
4163
4162
4161
4160
4169
4168
30820
7247
57792
25893
26185
7648
7244
26181
8647
8257
7243
7042
26189
58367
7242
2239
2238
31600
7061
48584
34148
2231
2233
2232
2235
2234
2237
2236
5937
5090
5935
51927
5933
5932
5931
5091
62834
5092
5939
5938
7816
7817
7814
5093
7812
2185
3498
3499
3496
3497
3494
2184
3492
3490
3491
2095
2094
2097
2096
2091
2090
2093
2092
4578
4579
7699
5097
2099
2098
8423
4497
2188
4496
4602
8421
4495
4603
26277
4494
51834
26270
26271
4493
9014
4601
4492
45186
8792
45183
4491
31903
57353
4490
62434
62920
62437
44189
62849
59832
64957
8962
9015
56885
1829
39183
5741
1825
1824
1827
1826
1821
1820
1822
2147
2146
2145
2144
2143
2142
2141
2140
2419
2418
4976
4498
4970
4971
2149
2148
42004
6764
5747
45981
42002
1920
1921
1922
1923
1924
1925
1926
1927
1928
1929
58154
57640
4226
3278
7368
7369
4227
6826
7360
4220
7362
6827
7364
7365
7366
4221
6828
3
58803
4222
58806
6829
33154
59900
4223
33150
33152
5586
3332
5587
59173
5584
3319
3318
7021
5585
7027
7026
5489
5488
3311
3310
3313
5484
3315
3314
3317
3316
62669
5580
5581
8120
64622
63069
37729
54783
37720
54780
54787
37727
54785
25940
26230
63194
30712
6477
42021
9013
6476
60
61
62
63
64
65
66
67
68
69
6474
47805
59684
1038
1039
9012
508
509
506
507
504
505
502
503
500
501
630
631
632
633
634
635
636
637
638
639
1218
1219
8094
6521
6520
4378
4379
6525
6524
6527
6526
4372
4373
4370
4371
4376
4377
4374
4375
32116
7756
25999
25996
7585
50229
25993
5208
8661
8662
8663
8664
8665
8666
8667
8668
8669
3334
7219
4080
4081
3869
3868
4084
4085
4086
4087
3863
3862
3861
3860
3867
3866
3865
3864
34162
8400
8401
8402
8403
8404
8405
8407
7571
7570
5728
5729
58299
7574
7577
5722
5723
5720
5721
5726
5727
5724
5725
47997
8814
58315
61646
61312
8812
9019
61465
60990
6343
53002
47117
5458
52975
31090
55272
4152
4153
4150
4151
4156
4157
4154
4155
26462
4158
4159
26465
26464
26662
5459
31998
6348
3071
55687
61818
8334
6784
6716
8138
8338
56060
4713
6648
6649
6644
6645
6646
6647
6641
6642
6643
5902
5903
5900
5901
5906
5907
8746
33036
5909
30659
56251
3489
56744
7802
6181
3481
3480
3483
5637
3485
3484
3487
3486
4563
4562
4561
4560
4567
4566
4565
4564
32141
60514
4569
4568
6398
34526
6252
6390
6391
6396
6397
6394
6395
2396
2397
2394
2395
2392
2393
2390
2391
41527
26249
6188
2398
2399
46850
6553
62912
8134
7340
39427
64368
58047
7196
5406
46855
1858
1859
45517
5693
1850
1851
1853
1854
1855
1856
1857
2172
2173
2170
2171
2176
2177
2174
2175
4967
4966
2178
2179
4963
4962
4961
4960
2604
2605
2606
2607
2600
2601
2602
2603
5695
2609
8677
1933
1932
1931
1930
1937
1936
1935
1934
3269
3268
1939
1938
5120
5121
5122
5123
60735
5451
7379
8137
5434
7215
7373
7372
7371
5435
7377
7376
7375
7374
31900
3364
40337
7947
33148
3365
27765
7940
33145
5452
58347
5439
7230
5048
54648
7018
7019
7016
7017
7014
7015
7012
5453
7010
7011
37240
54796
7948
38798
7949
46967
5405
7238
7239
5408
32625
753
3782
751
750
757
756
755
754
759
40723
3780
32882
6886
6887
6884
3781
2958
2959
6880
6881
2954
2955
2956
2950
2951
2952
2953
1025
1024
1027
1026
1021
1020
1023
1022
1029
1028
60126
63662
44399
5456
60291
44397
40870
8990
605
4364
4367
606
1209
600
603
602
1204
1207
1206
609
608
1203
1202
4270
5457
64701
4277
8275
30816
8273
8272
4276
3108
3109
3104
3105
3106
3107
3100
3101
3102
3103
8673
1353
8671
8670
5
8676
8675
1352
8679
8678
1351
4093
4092
4091
1350
4097
4096
4095
4094
1357
4099
4098
1356
5735
5734
5737
5736
5731
1355
5733
5732
8411
1354
5739
5738
8265
26318
6958
7316
50011
5554
7584
4931
7586
7587
7580
6488
7582
7583
25835
6489
4998
25833
25832
8266
7311
39234
60983
9004
5552
26339
6950
26476
59143
26313
26472
6951
51082
8267
6665
6952
7310
6481
4149
4148
4145
4144
4147
4146
4141
4140
4143
4142
32444
3857
3854
3855
3852
3853
3850
3851
8260
6957
7313
3858
3859
32389
61289
47907
32387
5303
4814
51080
8261
59295
32385
49528
6659
6658
6657
6656
6655
6654
6653
6652
6651
6650
32620
53004
5919
5918
32627
5915
5914
5917
5916
5911
5910
5913
5912
3665
25946
3664
26770
64508
52413
6385
6384
6387
6386
6261
4558
4559
4556
4557
4554
4555
4552
4553
4550
4551
8588
6289
3662
31545
2381
2380
2383
2382
2385
2384
2387
2386
2389
2388
60189
26251
5003
7265
7302
64427
64501
63189
7303
63187
3669
27905
27904
5797
7300
63181
3668
1949
47815
6959
7307
1849
1848
1843
1842
1841
1840
1846
1845
1844
6077
3250
4958
4959
2169
2168
3251
2165
2164
2167
2166
2161
2160
2163
2162
2617
2616
2615
2614
2613
2612
2611
2610
3254
2619
2618
7346
7347
6173
7345
3298
3256
1908
1909
1906
1907
1904
3257
1902
1903
1900
1901
60530
8367
60411
60728
5425
53322
9002
8368
56274
33171
26985
58351
33608
37384
61361
37386
33358
37380
33603
5424
7009
7008
7260
45382
7001
7000
7003
7002
7005
7004
7007
7006
7301
6867
58084
5882
47629
5427
41425
44161
44168
31698
741
742
743
744
745
746
747
748
5233
50851
5426
40339
6891
6890
6893
6892
6895
6894
2949
2948
2947
2946
2945
2944
2943
2942
2941
2940
1050
1051
5355
1053
1054
1055
1056
1057
1058
1059
26163
32632
5359
5358
34437
5657
43904
1278
1279
618
619
4314
4315
4316
4317
612
613
610
611
616
617
614
615
8798
8799
26982
33821
33823
43908
8790
8791
8240
8241
8794
8795
8796
8797
3333
26222
5423
3119
3118
3117
3116
3115
3114
3113
3112
3111
3110
32285
3330
8648
8649
5795
5465
8644
8645
8642
8643
8640
3336
8426
8427
8424
8425
8422
3335
3592
27741
56389
1497
34129
55269
30898
5740
5469
5742
5743
5744
5745
5746
5468
5748
5749
25938
25923
27838
5038
35836
31431
27689
55052
3594
51575
7048
25826
25827
7308
5037
25927
62660
5034
25828
5035
32381
5266
43923
7293
25924
5265
5033
7309
5264
26404
47646
27788
5263
52952
5031
5262
4138
4139
9000
4130
4131
4132
4133
4135
4136
4137
3841
3840
3843
4436
3845
3844
3847
3846
3849
3848
5698
5699
4612
47640
61937
27456
53143
5794
31867
7271
62235
47894
59738
6668
6669
6662
6663
6660
6661
6666
6667
6664
5432
5968
5969
51931
56508
7
5960
5961
5962
5963
5964
5965
5966
38188
32166
63992
27450
59404
32160
5433
4549
4548
8689
46970
4541
4540
4543
4542
4545
4544
4547
4546
59995
6638
27316
26228
44204
2378
2379
43906
2374
2375
2376
2377
2370
2371
2372
2373
2594
2595
2596
2597
2590
2591
2593
5431
27636
45175
2598
2599
42723
1876
1877
1874
1875
1872
1873
1870
1871
5373
1878
1879
4945
4944
4947
4946
4941
4940
4943
4942
62439
4949
4948
2118
2119
6040
6041
6047
6044
6045
2110
2111
2112
2113
2114
2115
2116
2117
2622
2623
2620
2621
2626
2627
2624
2625
8606
2628
2629
8607
1919
1918
5108
5109
7355
6981
3289
7356
1911
1910
1913
1912
1915
1914
1917
1916
33164
33166
6049
33162
7278
51255
33168
34330
26138
43710
64032
62972
51709
57368
5340
36397
32011
882
881
880
887
886
885
884
889
888
33340
58103
53468
62718
58105
5245
33296
58107
51091
56788
34332
49817
47723
3988
5792
5244
3989
775
774
26792
771
46578
26796
62801
779
778
77
76
75
74
73
72
71
70
2972
2973
2970
2971
2976
2977
79
78
1043
1042
1041
1040
1047
1046
1045
1044
1049
5369
7353
7352
3982
52973
3983
40817
7354
4303
4302
1269
1268
4307
4306
4305
668
667
666
665
664
663
662
661
660
33836
3287
8789
5094
33832
5241
33830
3286
8783
8782
8781
8780
8787
3285
8785
8784
34336
3128
3129
7618
7619
31613
3122
3283
3120
3121
3126
3127
3124
3125
8659
5095
5240
3281
8651
1018
8653
3280
8655
8654
8657
1019
34643
34645
34648
8739
27391
5096
5753
5752
5751
5750
4608
5756
5755
5754
8891
5759
44849
59615
31770
27679
60688
6124
1010
55156
44844
1011
3445
4609
47634
27736
8730
3444
5198
60336
8516
3446
61123
3441
47644
3440
4606
26413
8043
3443
26414
8512
51698
3442
2756
4129
4128
31555
2757
4123
4122
4121
4120
4127
2754
4125
4124
2755
5689
5688
4197
5685
2752
5687
5686
5681
5680
5683
2753
34359
4707
2750
4706
2751
4604
4705
31000
6675
6674
40494
4704
6671
6670
6673
6672
31878
4703
4191
6679
6678
4702
4701
8760
4605
4700
63446
5194
5979
5978
60286
64114
5973
5972
5971
5970
5977
5976
5975
5675
32170
60526
32174
60522
53466
63617
32179
52435
5197
25783
5368
53464
7339
25788
50685
59387
60405
31700
7579
5196
46974
43912
43910
43917
2369
2368
2367
2366
2365
2364
2363
2362
2361
2360
2587
2586
2585
2584
2583
2582
2581
2580
49396
2589
1861
1860
1863
1862
1865
1864
1867
1866
1869
3725
3726
3727
3720
3721
3722
3723
4686
4687
4684
4685
4682
4683
4680
4681
4938
4939
7808
47970
4688
4689
53123
2109
2108
6059
6058
53125
2103
2102
2101
2100
2107
2106
2105
2104
5115
5114
5117
5116
2639
2638
5113
5112
2635
2634
2637
2636
2631
2630
2633
2632
5256
5403
27716
56028
52460
5582
33113
5192
61991
6728
46322
5402
42197
9
891
892
893
896
897
898
899
33621
54612
5254
5401
52462
3544
3545
3546
3547
3540
3541
3542
3543
40732
5060
3548
1537
5400
6388
45726
32025
34185
45720
32022
44633
45728
1788
1789
2967
769
2961
2960
2963
2962
762
763
760
761
766
767
764
765
27728
54290
6879
6877
6876
6875
6874
6873
6872
6871
6870
8927
56805
5379
5378
1078
1079
1076
1077
5377
5376
5371
1073
1070
1071
55498
1561
5583
58295
4651
64976
7327
8922
8220
5250
8222
678
679
4338
4339
674
4337
4334
4335
670
671
4330
673
3135
3134
3137
3136
3131
3130
3133
3132
37855
7320
3139
3138
37853
31660
1533
27523
4630
7248
5183
4642
47446
54999
2490
48342
7321
4640
58162
26336
26791
4641
4637
4444
4646
54419
5180
34321
26758
59604
4644
5768
5769
5766
5767
5764
2496
5762
5763
5760
5761
59065
1531
4636
9017
7916
27664
5181
5354
27660
1256
1257
1254
1255
1252
1253
1250
1251
25805
1528
1529
1258
1259
8829
4635
27722
30977
5186
7899
8190
55417
4116
4117
4114
4115
4112
4113
4110
4111
60763
8196
26425
26422
4118
4119
53460
27721
7895
8194
5187
7892
8195
2978
7893
38304
2979
50970
7420
6868
3340
49200
26509
27005
56169
5184
56165
56167
61348
32988
6600
6601
6602
6603
6604
6605
6607
6608
6609
56801
3341
41285
49205
5946
5947
5944
5185
5942
5350
5940
5941
6860
5948
5949
5151
2974
61132
5150
2975
5153
5362
5152
4570
5363
58492
5155
7328
5360
5154
6954
49286
5361
25798
5157
4638
5366
5156
31104
5367
4571
5364
60037
7329
5365
26208
2358
2359
27338
43928
2352
2353
2350
2351
2356
2357
2354
2355
58490
45950
49651
1898
1899
3739
3738
1894
1895
1896
1897
1890
1891
1892
1893
2136
2137
2134
2135
2132
2133
2130
2131
4699
4698
4929
4928
48877
47778
2138
2139
6029
40819
6020
1442
6022
6023
6024
6025
6026
6027
2648
2649
5162
5163
5164
5165
4801
2640
2641
2642
2643
2644
4802
2646
2647
4803
51935
52604
4804
52606
4805
32589
6739
4806
6955
31956
4807
59985
47124
4229
62956
40815
58494
31952
8255
62733
26289
8254
58381
31950
4301
49355
34353
4300
4577
48522
63393
48520
3557
3556
3555
3554
3553
3552
3551
3550
4304
3559
45730
1263
45732
32587
1262
49110
26280
1261
2910
2911
1799
1260
2914
2915
719
718
717
716
715
714
713
712
711
710
54286
6305
6848
6849
1265
6304
6842
6843
6840
1264
6846
6307
6844
6845
1069
1068
6306
1061
1060
1063
1062
5304
1064
1067
1066
8788
6303
63772
59418
6302
4620
33639
37846
4329
4328
6592
6593
6595
6596
6597
4321
4320
4323
4322
4325
4324
4327
4326
3140
3141
3142
3143
3144
3145
3146
3147
3148
3149
4621
33817
62049
27537
7638
7639
50354
25891
7636
7637
8786
64983
33838
4622
58595
53038
5344
62293
45679
31410
33126
5779
5778
31617
5771
5770
5773
5772
5775
5774
5777
5345
39435
47394
61634
641
640
643
1242
645
1244
647
1246
649
648
3098
3099
5346
1539
1538
7617
45722
65130
7785
4101
4100
4103
4102
4105
4104
4107
4106
4109
4108
5347
52328
8658
63458
39416
7413
3898
3899
7416
7417
7414
7415
3892
3893
7418
3891
3896
3897
3894
3895
4925
7272
7783
7273
56176
56174
7270
46194
6613
6612
6611
6610
6617
6616
6615
1464
49688
6619
6618
8741
65133
5951
5950
5953
5952
5955
5954
5957
5956
5959
5958
7361
5083
32296
5342
60948
5082
60946
42053
8656
5081
6747
60941
5080
42634
5087
9011
42602
5086
4611
5085
52694
4610
5084
4613
2345
2344
2347
2346
2341
2340
2343
2342
55805
4615
2349
2348
4614
4617
41769
5785
43930
27340
6741
4616
43934
43391
43936
49649
54328
47261
52767
49642
46347
49132
49130
49647
3708
3709
1889
1888
1887
1886
1885
1884
1883
1882
1881
1880
2121
2120
2123
2122
2125
2124
2127
2126
2129
2128
4666
4667
4660
4661
4662
4663
6039
6038
6743
42011
6033
6032
6031
6030
6037
6036
6035
6911
5173
5172
2659
5170
5177
5176
5175
5174
2653
2652
2651
2650
2657
2656
2655
2654
132
131
130
137
136
135
134
7382
7383
139
7381
7386
7387
7384
7385
5924
59607
36477
33138
6918
60760
26903
60766
33132
6919
6448
27700
6449
6839
52227
62721
48791
43836
59258
64519
7399
49822
48518
32598
39402
48516
46839
3562
3563
3560
7257
3566
3567
3564
3565
47122
3568
3569
7258
7259
4484
4485
4486
4487
4480
4481
4482
4483
31588
4488
4489
49824
2903
2902
2901
2900
708
709
2905
2904
704
705
706
707
700
701
702
703
58246
88
89
33794
82
83
80
81
86
87
84
85
5319
5318
5313
5312
5311
5310
5317
5316
5315
5314
8804
8805
7745
8807
8800
8801
8803
33649
8808
8809
6583
3214
6581
6298
6587
6586
6585
1987
8206
8207
6589
6588
8202
1984
8752
8201
3153
3152
3151
1985
3157
3156
3155
3154
3210
3159
3158
59519
37837
43376
1983
42009
1980
7398
53476
27509
3213
27706
47423
7828
25757
33815
32124
34164
1267
27644
55080
7822
55895
27648
61628
25995
3368
7827
1266
7826
656
1503
1500
655
652
653
650
651
3085
1508
1509
3081
658
659
3943
58025
51304
3944
3945
8574
8575
8576
8577
3946
8572
8573
3947
8578
8579
30793
3885
3884
3887
3886
3881
3880
3883
3882
3889
3888
31427
55419
39421
31424
7409
7408
31420
7405
7404
7407
7406
7401
7403
7402
4650
2815
51694
25766
2814
56141
32211
32213
64499
6628
6629
6626
6627
6624
6625
6622
6623
6620
51925
5510
44301
8609
7123
61401
41617
57949
34482
65126
48374
56067
50842
2819
48198
38701
1340
2818
64942
32525
8774
26431
2330
2331
2332
2333
2334
2335
2336
2337
2338
2339
55071
4718
4719
60503
26398
43419
59290
3715
3714
3717
3716
3711
3710
3713
3712
3719
3718
46337
4126
46530
32031
8189
26521
7649
4909
4908
6004
6005
6002
6003
2488
2489
2486
2487
4675
2485
2482
2483
2480
2481
7437
8188
61729
52448
57147
7395
994
997
996
991
990
993
992
5146
5147
5144
5145
999
998
5140
5141
120
121
122
123
124
125
126
5684
128
129
52666
7084
3379
58898
32013
7438
63768
3378
33124
7223
26744
7439
26005
3377
26007
7222
54331
3376
39410
7953
5682
3375
7224
3374
7951
5421
55620
3372
46803
7229
32314
40752
3371
7228
5422
5098
5099
7245
5071
5884
3578
7241
7240
3575
3574
3577
3576
3571
3570
3573
3572
2666
2667
2664
2665
2662
2663
2660
2661
1748
7958
55553
2668
2669
6820
6821
6822
6823
6824
6825
2938
2939
2936
2937
2934
2935
2932
2933
2930
2931
5326
5327
5324
5325
5322
5323
5321
3799
60237
33781
5328
3798
63222
62586
7561
39414
54621
8815
6676
8813
1742
8811
8810
37335
1743
8818
3796
26745
8749
8748
4890
4428
8745
8744
8743
8742
6255
8740
7650
55255
3168
3169
3166
3167
39425
3165
3162
3163
3160
3161
31658
2406
30783
6493
2407
53161
6492
2404
27513
731
730
733
2405
735
734
737
736
738
58156
31689
2403
4057
25825
2400
42681
6499
34170
4986
27255
6498
5472
6240
44889
34538
6241
63760
6242
40586
25856
25855
6243
49280
25850
6244
6949
6245
60745
31255
6948
1519
1518
1515
1514
1517
1516
1511
1510
1513
27627
64997
8139
39419
26226
26303
6942
27186
26301
34579
6940
47049
9018
54278
6287
5387
40574
7478
7479
31433
35957
31435
31437
40581
5508
7474
55176
8227
30848
25841
58783
7023
55603
6639
3397
6631
6630
6633
6635
6634
6637
6636
7118
55280
55282
26585
5473
33679
52950
3783
7022
44587
3396
50658
40583
55402
48883
5974
27317
61160
60524
59022
61210
64288
7487
3612
60566
48698
3613
3614
59026
2323
2322
2321
2320
2327
2326
2325
2324
2329
2328
31223
4709
4708
3618
56156
56152
3619
56158
3760
3761
3763
3764
3765
3766
3767
3768
3769
263
262
261
260
267
266
265
264
8875
269
268
60363
1562
8874
2499
2498
6013
1563
6015
6014
6017
6016
2491
1564
2493
2492
2495
2494
2497
1565
7315
34583
7898
7314
7896
7897
7894
1567
5470
7317
7890
7891
5159
5158
988
989
7483
57464
982
983
980
981
986
987
984
985
115
114
117
116
111
110
113
112
63033
7312
119
118
64620
7482
8197
53550
44653
26012
44759
26225
64918
48774
62299
8397
44511
45672
34292
55284
34334
6271
8932
33072
8393
3508
3509
5089
5088
7276
7277
7274
7275
3500
3501
3502
3503
3504
3505
3506
3507
2671
2670
2673
2672
2675
2674
2677
2676
2679
2678
8009
2929
2928
6831
6830
6837
6836
6835
6834
2921
2920
2923
2922
2925
2924
2927
2926
5331
5333
5332
5335
5334
5337
5336
5339
5338
27193
6272
6765
8822
8823
8821
8826
8827
33669
8825
7489
8828
8003
59105
62336
33660
6547
8778
8779
32082
6546
8772
8773
8770
8771
8777
5899
8775
3179
3178
59336
7647
7646
7645
7644
3171
3173
3172
3175
3174
3177
3176
7030
26231
59333
60756
7031
27563
27564
726
727
724
725
722
1749
720
1744
5498
1746
1747
1740
5636
728
729
1164
7290
1167
52668
1161
1162
1163
59339
3309
1168
1169
47999
5494
27620
4649
6549
5994
5495
7922
6548
3304
6276
25840
1366
2913
3305
7920
1367
5490
7921
1364
5491
1568
1569
1298
1299
31225
5492
53131
7299
1292
1293
1290
1291
1296
1297
1566
1295
60753
5252
3191
5253
1361
1711
33615
34542
5251
8008
7928
8004
1717
8007
58306
1716
7460
5638
1715
60147
5634
5635
1201
5255
5630
5631
5632
5633
8480
8481
8482
8483
7108
8485
8486
8487
8488
3728
7461
3198
5258
3729
